{
 "cells": [
  {
   "cell_type": "markdown",
   "metadata": {},
   "source": [
    "# AI28 - Machine Learning \n",
    "GLANDIER Quentin \\\n",
    "CHEMANACK Thierry \\\n",
    "GI04\n",
    "\n",
    "## <center>TP N° 1 - Partie 1</center>\n",
    "## <center>Numpy</center>\n",
    "<br>\n",
    "<br>\n",
    "\n",
    "### **1 - Constructeur de base: `array` et ses propriétés:**"
   ]
  },
  {
   "cell_type": "code",
   "execution_count": 1,
   "metadata": {},
   "outputs": [
    {
     "name": "stdout",
     "output_type": "stream",
     "text": [
      "[ 7 12 17 22 27 32 37 42 47 52 57 62 67 72 77 82 87 92 97] <class 'numpy.ndarray'> 19\n",
      "(19,)\n",
      "19\n"
     ]
    }
   ],
   "source": [
    "# 1. Importer le module numpy et lui associer l’alias np\n",
    "import numpy as np \n",
    "# 2. Créer un tableau de nombres my_arr contenant les valeurs allant de 7 jusqu’à 100 avec un pas de 5.\n",
    "my_arr = np.arange(7, 100, 5)\n",
    "# 3. Afficher le tableau my_arr et son type. Vérifier la dimension de my_arr.\n",
    "print(my_arr, type(my_arr), len(my_arr))\n",
    "# 4. Avec l’attribut shape, donner le format de my_arr.\n",
    "print(my_arr.shape)\n",
    "# 5. Avec l’attribut size, calculer le nombre d’éléments de my_arr.\n",
    "print(my_arr.size)"
   ]
  },
  {
   "cell_type": "markdown",
   "metadata": {},
   "source": [
    "### **2 - Constructeur d’initialisation des tableaux: `zeros, ones, random, eye`**"
   ]
  },
  {
   "cell_type": "code",
   "execution_count": 2,
   "metadata": {},
   "outputs": [
    {
     "name": "stdout",
     "output_type": "stream",
     "text": [
      "[0. 0. 0. 0. 0. 0. 0. 0. 0. 0.] (10,)\n",
      "[[1. 0. 0.]\n",
      " [0. 1. 0.]\n",
      " [0. 0. 1.]\n",
      " ...\n",
      " [0. 0. 0.]\n",
      " [0. 0. 0.]\n",
      " [0. 0. 0.]]\n"
     ]
    }
   ],
   "source": [
    "# 1. Créer un tableau my_arr0 de taille 10 contenant que des zéros. Afficher et vérifier le format de my_arr0.\n",
    "my_arr0 = np.zeros(10)\n",
    "print(my_arr0, my_arr0.shape)\n",
    "# 2. Créer un tableau my_arr2d de format (4, 5) contenant que des zéros.\n",
    "my_arr2d = np.zeros((4,5))\n",
    "# 3. Utiliser l’attribut ones pour remplacer les valeurs du tableau my_arr2d par des 1.\n",
    "my_arr2d = np.ones(my_arr2d.shape)\n",
    "# 4. Créer un tableau my_arr2d_cp, copie du tableau my_arr2d.\n",
    "my_arr2d_cp = my_arr2d.copy()\n",
    "# 5. Utiliser l’attribut full pour remplacer les valeurs du tableau my_arr2d_cp par des 99.\n",
    "my_arr2d_cp = np.full(my_arr2d_cp.shape, 99)\n",
    "# 6.\n",
    "None\n",
    "# 7. Construire un tableau my_arr1d_rd de format (1000, 3) contenant des valeurs indépendamment et\n",
    "# uniformément réparties sur [0, 1] (indication: utiliser le sous module rand).\n",
    "my_arr1d_rd = np.random.rand(1000, 3)\n",
    "# 8. Construire un tableau my_arr2d_rd qui représente les résultats d’une simulation de 1000 lancers de\n",
    "# trois dés équilibrés à 6 faces numérotées de 1 à 6 (indication: utiliser le sous module randint). Afficher\n",
    "# les 5 premières et dernières lignes et colonnes de my_arr2d_rd\n",
    "my_arr2d_rd = np.random.randint(1, 7, (1000,3))\n",
    "# 9. Avec l’attribut eye, construire un matrice identité de même format que my_arr2d_rd.\n",
    "identity_arr = np.eye(*my_arr2d_rd.shape)\n",
    "print(identity_arr)"
   ]
  },
  {
   "cell_type": "markdown",
   "metadata": {},
   "source": [
    "### **3 - Constructeurs `linspace` et `arange`**"
   ]
  },
  {
   "cell_type": "code",
   "execution_count": 3,
   "metadata": {},
   "outputs": [
    {
     "name": "stdout",
     "output_type": "stream",
     "text": [
      "float64 int32\n"
     ]
    }
   ],
   "source": [
    "# 1. Utiliser l’attribut linspace pour construire un tableau arr1 de taille 100 contenant des valeurs entre 7 et 99.\n",
    "arr1 = np.linspace(7, 99, 100)\n",
    "# 2. Utiliser l’attribut arange pour construire un tableau arr2 contenant des valeurs allant de 7 jusqu’à 100 avec un pas de 5.\n",
    "arr2 = np.arange(7, 100, 5)\n",
    "# 3.1 Paramètres dtype lors de création d’un tableau array\n",
    "print(arr1.dtype, arr2.dtype)"
   ]
  },
  {
   "cell_type": "markdown",
   "metadata": {},
   "source": [
    "### **4 - Manipulation des tableaux**\n",
    "1. Construire deux tableaux A et B de format (3, 4) contenant des valeurs aléatoires qui suivent une loi\n",
    "normale centrée réduite (indication: utiliser np.random.randn).\n",
    "2. Concaténer les tableaux A et B verticalement (indication: utiliser la méthode vstack). Vérifier le\n",
    "format du nouveau tableau.\n",
    "3. Concaténer les tableaux A et B horizontalement (indication: utiliser la méthode hstack). Vérifier le\n",
    "format du nouveau tableau.\n",
    "4. Utiliser la méthode concatenate pour concaténer les tableaux A et B verticalement ou horizontalement.\n",
    "5. Utiliser la méthode reshape pour changer le format de tableau A en (6, 2).\n",
    "Remarque. Une condition nécessaire pour que la méthode reshape ne donne pas d’erreurs lors de son\n",
    "exécution est que la taille du tableau initial soit égale à la taille du tableau redimensionné (tableau final).\n",
    "6. Utiliser la méthode ravel pour vectoriser le tableau B."
   ]
  },
  {
   "cell_type": "code",
   "execution_count": 4,
   "metadata": {},
   "outputs": [
    {
     "name": "stdout",
     "output_type": "stream",
     "text": [
      "A=array([[-0.11388451,  1.00103672,  0.56638997,  2.04670217],\n",
      "       [ 1.19253552, -1.1607938 ,  2.89806452,  0.44676165],\n",
      "       [-0.46729555, -0.63712678,  0.16686385,  1.12872007]])\n",
      "\n",
      "B=array([[-1.1415645 , -0.31075855,  1.2448294 ,  0.07774447],\n",
      "       [ 1.67339416, -0.30038089,  0.9763686 , -0.38898739],\n",
      "       [ 0.61156393, -0.13320591,  1.19001992,  0.25838921]])\n",
      "\n",
      "A_over_B=array([[-0.11388451,  1.00103672,  0.56638997,  2.04670217],\n",
      "       [ 1.19253552, -1.1607938 ,  2.89806452,  0.44676165],\n",
      "       [-0.46729555, -0.63712678,  0.16686385,  1.12872007],\n",
      "       [-1.1415645 , -0.31075855,  1.2448294 ,  0.07774447],\n",
      "       [ 1.67339416, -0.30038089,  0.9763686 , -0.38898739],\n",
      "       [ 0.61156393, -0.13320591,  1.19001992,  0.25838921]])\n",
      "A_over_B.shape=(6, 4)\n",
      "\n",
      "A_B=array([[-0.11388451,  1.00103672,  0.56638997,  2.04670217, -1.1415645 ,\n",
      "        -0.31075855,  1.2448294 ,  0.07774447],\n",
      "       [ 1.19253552, -1.1607938 ,  2.89806452,  0.44676165,  1.67339416,\n",
      "        -0.30038089,  0.9763686 , -0.38898739],\n",
      "       [-0.46729555, -0.63712678,  0.16686385,  1.12872007,  0.61156393,\n",
      "        -0.13320591,  1.19001992,  0.25838921]])\n",
      "A_B.shape=(3, 8)\n",
      "\n",
      "reshaped_A :\n",
      "[[-0.11388451  1.00103672]\n",
      " [ 0.56638997  2.04670217]\n",
      " [ 1.19253552 -1.1607938 ]\n",
      " [ 2.89806452  0.44676165]\n",
      " [-0.46729555 -0.63712678]\n",
      " [ 0.16686385  1.12872007]]\n",
      "Tableau B après vectorisation avec ravel:\n",
      "[-1.1415645  -0.31075855  1.2448294   0.07774447  1.67339416 -0.30038089\n",
      "  0.9763686  -0.38898739  0.61156393 -0.13320591  1.19001992  0.25838921]\n"
     ]
    }
   ],
   "source": [
    "# 1. Construire deux tableaux A et B de format (3, 4) contenant des valeurs aléatoires suivant une loi normale centrée réduite\n",
    "A = np.random.randn(3, 4)\n",
    "B = np.random.randn(3, 4)\n",
    "\n",
    "# 2. Concaténer les tableaux A et B verticalement (vstack)\n",
    "A_over_B = np.vstack((A, B))\n",
    "print(f\"{A=}\\n\\n{B=}\\n\\n{A_over_B=}\\n{A_over_B.shape=}\\n\")\n",
    "\n",
    "# 3. Concaténer les tableaux A et B horizontalement (hstack)\n",
    "A_B = np.hstack((A, B))\n",
    "print(f\"{A_B=}\\n{A_B.shape=}\\n\")\n",
    "\n",
    "# 4. Utiliser la méthode concatenate pour concaténer les tableaux A et B verticalement ou horizontalement\n",
    "A_over_B = np.concatenate((A, B), axis=0)  # Concaténation verticale\n",
    "A_B = np.concatenate((A, B), axis=1)  # Concaténation horizontale\n",
    "\n",
    "# 5. Utiliser la méthode reshape pour changer le format de tableau A en (6, 2)\n",
    "reshaped_A = A.reshape(6, 2)\n",
    "print(\"reshaped_A :\")\n",
    "print(reshaped_A)\n",
    "\n",
    "# 6. Utiliser la méthode ravel pour vectoriser le tableau B\n",
    "print(\"Tableau B après vectorisation avec ravel:\")\n",
    "print(B.ravel())\n"
   ]
  },
  {
   "cell_type": "markdown",
   "metadata": {},
   "source": [
    "### **5 - Indexation et sélection**"
   ]
  },
  {
   "cell_type": "code",
   "execution_count": 5,
   "metadata": {},
   "outputs": [
    {
     "name": "stdout",
     "output_type": "stream",
     "text": [
      "[[6.39076438 3.34106505 4.04641472 4.57631505 2.88429435 4.00292116\n",
      "  3.9987408 ]\n",
      " [1.51844509 5.43918575 4.84923315 3.11550986 3.75739412 4.71460123\n",
      "  3.63038621]\n",
      " [3.65670096 1.94480629 4.784295   4.17519406 4.38814495 1.8411683\n",
      "  6.33444189]\n",
      " [4.21826341 3.45250144 6.86954145 3.93581446 1.94843051 3.42692127\n",
      "  0.76383375]\n",
      " [5.48407083 3.41101637 2.94987073 5.51670181 1.66502651 4.75721146\n",
      "  1.08047659]\n",
      " [3.06356528 2.29697596 6.06754576 6.49772867 3.5341386  5.18897635\n",
      "  3.74546079]\n",
      " [4.80336083 2.93532743 1.58404353 1.45003342 4.54181612 7.17857941\n",
      "  4.38100558]\n",
      " [3.25809703 6.70400301 4.33559549 4.14344932 4.35719886 3.81279037\n",
      "  3.56233436]\n",
      " [1.9706552  4.70940364 3.86596727 5.68727829 3.47841192 1.30398586\n",
      "  3.85912929]\n",
      " [6.40350869 3.45775782 2.74155236 2.31200612 2.51505199 3.57546195\n",
      "  2.33125332]]\n",
      "6.390764377854786\n",
      "2.3312533200740093\n",
      "[6.39076438 1.51844509 3.65670096 4.21826341 5.48407083 3.06356528\n",
      " 4.80336083 3.25809703 1.9706552  6.40350869]\n",
      "[3.9987408  3.63038621 6.33444189 0.76383375 1.08047659 3.74546079\n",
      " 4.38100558 3.56233436 3.85912929 2.33125332]\n",
      "[[6.39076438 4.57631505 3.9987408 ]\n",
      " [4.21826341 3.93581446 0.76383375]\n",
      " [4.80336083 1.45003342 4.38100558]\n",
      " [6.40350869 2.31200612 2.33125332]]\n",
      "Mask X > 4:\n",
      "[6.39076438 4.04641472 4.57631505 4.00292116 5.43918575 4.84923315\n",
      " 4.71460123 4.784295   4.17519406 4.38814495 6.33444189 4.21826341\n",
      " 6.86954145 5.48407083 5.51670181 4.75721146 6.06754576 6.49772867\n",
      " 5.18897635 4.80336083 4.54181612 7.17857941 4.38100558 6.70400301\n",
      " 4.33559549 4.14344932 4.35719886 4.70940364 5.68727829 6.40350869]\n",
      "Mask1  4 < X < 6:\n",
      "[4.04641472 4.57631505 4.00292116 5.43918575 4.84923315 4.71460123\n",
      " 4.784295   4.17519406 4.38814495 4.21826341 5.48407083 5.51670181\n",
      " 4.75721146 5.18897635 4.80336083 4.54181612 4.38100558 4.33559549\n",
      " 4.14344932 4.35719886 4.70940364 5.68727829]\n"
     ]
    }
   ],
   "source": [
    "# 1. Exécuter les lignes suivantes:\n",
    "np.random.seed(7)\n",
    "X = np.random.normal(loc=4, scale=np.sqrt(2), size=(10,7))\n",
    "X\n",
    "print(X)\n",
    "# 2. Afficher le premier et le dernier élément de X, i.e. x1,1 et x10,7.\n",
    "print(X[0,0], X[-1,-1], sep='\\n') \n",
    "# 3. Afficher la première et la dernière colonne de X.\n",
    "print(X[:,0], X[:,-1], sep='\\n')\n",
    "# 4. Exécuter X[::3, ::3] et commenter.\n",
    "print(X[::3, ::3])\n",
    "# On affiche les éléments de X d'indice i,j avec 0<=i<=10,i%3=0 et 0<=j<=7 j%3=0\n",
    "# soit i ∈ {0, 3, 6, 9} et j ∈ {0, 3, 6}\n",
    "#----------------------------------------------------------------\n",
    "# 5. Créer un tableau booléen mask vérifiant si les valeurs du tableau X sont supérieures à 4.\n",
    "mask = X > 4\n",
    "# 6. Créer un tableau booléen mask1 vérifiant si les valeurs du tableau X sont supérieures à 4 et inférieures à 6.\n",
    "mask1 = (X > 4) & (X < 6)\n",
    "# 7. Exécuter Y = X[mask] et Z = X[mask1].\n",
    "Y = X[mask]\n",
    "Z = X[mask1]\n",
    "print(\"Mask X > 4:\")\n",
    "print(Y)\n",
    "print(\"Mask1  4 < X < 6:\")\n",
    "print(Z)"
   ]
  },
  {
   "cell_type": "markdown",
   "metadata": {},
   "source": [
    "### **6 - Somme lignes et colonnes**"
   ]
  },
  {
   "cell_type": "code",
   "execution_count": 6,
   "metadata": {},
   "outputs": [],
   "source": [
    "# 1. Créer un tableau sumColX contenant la somme de chaque colonne de X.\n",
    "sumColX = np.sum(X, axis=0)\n",
    "\n",
    "# 2. Créer un tableau sumRawX contenant la somme de chaque ligne de X.\n",
    "sumRawX = np.sum(X, axis=1)\n",
    "\n",
    "# 3. Calculer le minimum et maximum de chaque colonne de X.\n",
    "min_col_X = np.min(X, axis=0)\n",
    "max_col_X = np.max(X, axis=0)\n",
    "\n",
    "# 4. Déterminer la position du minimum de chaque colonne de X.\n",
    "min_col_positions = np.argmin(X, axis=0)"
   ]
  },
  {
   "cell_type": "markdown",
   "metadata": {},
   "source": [
    "### **7 - Opérations mathématiques et statistiques**"
   ]
  },
  {
   "cell_type": "code",
   "execution_count": 7,
   "metadata": {},
   "outputs": [
    {
     "name": "stdout",
     "output_type": "stream",
     "text": [
      "Exponentielle de X:\n",
      "[[ 596.31221338   28.24919754   57.19203958   97.15572021   17.89093846\n",
      "    54.75787321   54.52944354]\n",
      " [   4.56512131  230.25462308  127.64246909   22.54492224   42.83665333\n",
      "   111.56431358   37.72738461]\n",
      " [  38.73334902    6.99227722  119.61700318   65.05246228   80.49096535\n",
      "     6.30389883  563.65473422]\n",
      " [  67.91544037   31.57928734  962.50711047   51.20383651    7.01766477\n",
      "    30.78172812    2.14648957]\n",
      " [ 240.82507315   30.29602059   19.10348414  248.81304852    5.28581337\n",
      "   116.4208284     2.94608328]\n",
      " [  21.40373162    9.94406571  431.6200813   663.63258926   34.26548586\n",
      "   179.28493455   42.32850729]\n",
      " [ 121.91947982   18.8276668     4.87462671    4.263257     93.86110835\n",
      "  1311.04447333   79.91835745]\n",
      " [  26.00001285  815.66440878   76.37042317   63.01982236   78.0382319\n",
      "    45.27660132   35.24537665]\n",
      " [   7.17537629  110.98595239   47.74943682  295.08937969   32.40821435\n",
      "     3.68395117   47.42404096]\n",
      " [ 603.96043741   31.74571703   15.51104512   10.0946554    12.36725167\n",
      "    35.71111361   10.29083116]]\n",
      "Cosinus de X:\n",
      "[[ 0.99421895 -0.98017126 -0.6178255  -0.13565439 -0.967081   -0.65143009\n",
      "  -0.65459606]\n",
      " [ 0.05232733  0.66447926  0.13641747 -0.99965986 -0.81631077  0.00221225\n",
      "  -0.8829    ]\n",
      " [-0.87023937 -0.36535111  0.07184407 -0.51172803 -0.3185923  -0.26708992\n",
      "   0.99868667]\n",
      " [-0.474262   -0.95205594  0.83296246 -0.70084008 -0.36872238 -0.95956921\n",
      "   0.72218954]\n",
      " [ 0.69734167 -0.96392445 -0.98167758  0.72035418 -0.09409079  0.04480747\n",
      "   0.47090798]\n",
      " [-0.99695741 -0.66401794  0.97683975  0.97707372 -0.92393812  0.45874951\n",
      "  -0.82314533]\n",
      " [ 0.09084642 -0.97880264 -0.01324682  0.12046959 -0.16974692  0.62521129\n",
      "  -0.32535147]\n",
      " [-0.99322104  0.91275521 -0.3679408  -0.53873905 -0.34776863 -0.78307734\n",
      "  -0.91278625]\n",
      " [-0.38928836 -0.00298534 -0.74891399  0.82763977 -0.94381063  0.2636561\n",
      "  -0.75342775]\n",
      " [ 0.99276987 -0.95043475 -0.9210453  -0.67518081 -0.81006072 -0.90734595\n",
      "  -0.68925262]]\n",
      "dicResumeX:\n",
      "{0: {'moyenne': 4.076743170478842, 'variance': 2.6150746286833995, 'std': 1.6171192376208376, 'median': 3.9374821840431027}, 1: {'moyenne': 3.76920427550196, 'variance': 1.8985992754196324, 'std': 1.377896685321375, 'median': 3.431758906018468}, 2: {'moyenne': 4.209405946268099, 'variance': 2.206287173894517, 'std': 1.4853575912535395, 'median': 4.191005105242029}, 3: {'moyenne': 4.141003105514786, 'variance': 2.170862732870811, 'std': 1.4733847877831545, 'median': 4.159321686973902}, 4: {'moyenne': 3.3069907927463964, 'variance': 0.9428041472229234, 'std': 0.9709810231013392, 'median': 3.5062752621398596}, 5: {'moyenne': 3.980261736200468, 'variance': 2.5069914214730966, 'std': 1.5833481681149906, 'median': 3.9078557665348423}, 6: {'moyenne': 3.3687062590247243, 'variance': 2.3803372685716626, 'std': 1.5428341675538764, 'median': 3.68792350166448}}\n"
     ]
    }
   ],
   "source": [
    "# 1. Calculer l’exponentielle de la matrice X, i.e. eX.\n",
    "print(\"Exponentielle de X:\")\n",
    "print(np.exp(X))\n",
    "# 2. Calculer le cosinus de la matrice X, i.e. cos(X).\n",
    "print(\"Cosinus de X:\")\n",
    "print(np.cos(X))\n",
    "\n",
    "# 3. Écrire une fonction qui renvoie un dictionnaire ayant pour clés le numéro de chaque colonne de X et\n",
    "# pour valeurs un autre dictionnaire qui résume les agrégats suivants: moyenne, variance, écart type,\n",
    "# médiane, de chaque colonne. Voici un exemple de résultat:\n",
    "summarise = lambda mylist : { 'moyenne': np.mean(mylist), 'variance': np.var(mylist), 'std': np.std(mylist), 'median': np.median(mylist) }\n",
    "dicResumeX = { i:summarise(X[:,i]) for i in range(X.shape[1]) }\n",
    "print(\"dicResumeX:\")\n",
    "print(dicResumeX)"
   ]
  },
  {
   "cell_type": "markdown",
   "metadata": {},
   "source": [
    "### **8 - Algèbre linéaire**"
   ]
  },
  {
   "cell_type": "code",
   "execution_count": 8,
   "metadata": {},
   "outputs": [
    {
     "name": "stdout",
     "output_type": "stream",
     "text": [
      "Format de Xtop: (7, 10)\n",
      "Format de U: (10, 7)\n",
      "Format de s: (7,)\n",
      "Format de Vtop: (7, 7)\n",
      "U^T . U:\n",
      "[[ 1.00e+00  3.07e-16  2.00e-17 -3.39e-17 -1.24e-16  6.31e-17  8.14e-18]\n",
      " [ 3.07e-16  1.00e+00  1.64e-16 -2.84e-16 -1.72e-16 -1.67e-16 -1.94e-17]\n",
      " [ 2.00e-17  1.64e-16  1.00e+00 -1.53e-16  8.52e-17  1.79e-16 -1.45e-17]\n",
      " [-3.39e-17 -2.84e-16 -1.53e-16  1.00e+00 -1.38e-16 -1.43e-16  4.49e-17]\n",
      " [-1.24e-16 -1.72e-16  8.52e-17 -1.38e-16  1.00e+00 -1.89e-16 -2.27e-17]\n",
      " [ 6.31e-17 -1.67e-16  1.79e-16 -1.43e-16 -1.89e-16  1.00e+00  3.61e-17]\n",
      " [ 8.14e-18 -1.94e-17 -1.45e-17  4.49e-17 -2.27e-17  3.61e-17  1.00e+00]]\n",
      "\n",
      "V^T . V:\n",
      "[[ 1.00e+00  4.56e-17  8.82e-17 -2.00e-16 -4.36e-17 -2.22e-16 -2.11e-16]\n",
      " [ 4.56e-17  1.00e+00 -2.25e-16 -4.77e-17 -1.67e-16 -2.34e-16  2.00e-16]\n",
      " [ 8.82e-17 -2.25e-16  1.00e+00 -4.35e-16 -2.44e-16 -1.64e-17  4.58e-18]\n",
      " [-2.00e-16 -4.77e-17 -4.35e-16  1.00e+00  2.89e-17  1.13e-16 -9.51e-17]\n",
      " [-4.36e-17 -1.67e-16 -2.44e-16  2.89e-17  1.00e+00  5.18e-17 -2.25e-16]\n",
      " [-2.22e-16 -2.34e-16 -1.64e-17  1.13e-16  5.18e-17  1.00e+00  1.94e-16]\n",
      " [-2.11e-16  2.00e-16  4.58e-18 -9.51e-17 -2.25e-16  1.94e-16  1.00e+00]]\n",
      "\n",
      "Erreur d'approximation: 1.5743577092895957e-13\n"
     ]
    }
   ],
   "source": [
    "# 1. Calculer Xtop la transposée de la matrice X. Vérifier le format de Xtop.\n",
    "Xtop = np.transpose(X)\n",
    "print(\"Format de Xtop:\", Xtop.shape)\n",
    "\n",
    "# 2. Calculer le produit matriciel X⊤X.\n",
    "XtX = Xtop.dot(X)\n",
    "# Forme plus condensée\n",
    "XtX_condensed = Xtop @ X\n",
    "\n",
    "# 3. Utiliser la méthode np.linalg.eig pour calculer les valeurs et vecteurs propres de la matrice X⊤X.\n",
    "eigenvalues, eigenvectors = np.linalg.eig(XtX)\n",
    "\n",
    "# 4. Calculer la décomposition de la valeur singulière de X à l’aide de la méthode np.linalg.svd: U, s, Vtop.\n",
    "U, s, Vtop = np.linalg.svd(X, full_matrices=False)\n",
    "print(\"Format de U:\", U.shape)\n",
    "print(\"Format de s:\", s.shape)\n",
    "print(\"Format de Vtop:\", Vtop.shape)\n",
    "\n",
    "# 5. Vérifier que les matrices U et V sont des matrices unitaires.\n",
    "np.set_printoptions(precision=2)\n",
    "print(\"U^T . U:\")\n",
    "print(U.T.dot(U))\n",
    "print()\n",
    "print(\"V^T . V:\")\n",
    "print(Vtop.T.dot(Vtop))\n",
    "\n",
    "# 6. La décomposition est bien une bonne approximation de la matrice X.\n",
    "approximation_error = np.linalg.norm(U.dot(np.diag(s)).dot(Vtop) - X, ord='fro')\n",
    "print(\"\\nErreur d'approximation:\", approximation_error)\n"
   ]
  }
 ],
 "metadata": {
  "kernelspec": {
   "display_name": "base",
   "language": "python",
   "name": "python3"
  },
  "language_info": {
   "codemirror_mode": {
    "name": "ipython",
    "version": 3
   },
   "file_extension": ".py",
   "mimetype": "text/x-python",
   "name": "python",
   "nbconvert_exporter": "python",
   "pygments_lexer": "ipython3",
   "version": "3.10.9"
  }
 },
 "nbformat": 4,
 "nbformat_minor": 2
}
